92 38 91
100 150
35 88 43
35 16 3
35 71 19
88 29 44
88 2 68
59 78 23
59 30 81
59 18 88
78 18 35
78 81 13
66 82 47
66 93 4
66 11 92
82 23 90
82 64 70
76 91 87
76 64 19
76 71 22
91 25 72
91 80 6
16 28 66
16 98 8
28 24 75
28 0 52
57 97 29
57 58 7
57 83 67
97 95 72
97 14 68
17 25 25
17 36 57
17 99 33
25 60 28
22 75 70
22 45 89
22 6 21
75 62 57
75 31 88
44 92 78
44 68 67
44 96 42
92 56 95
92 11 78
8 90 95
8 68 100
8 37 24
90 73 24
90 98 70
6 69 17
6 45 38
69 49 100
69 58 6
46 61 22
46 93 8
46 20 2
61 65 100
61 31 67
11 48 5
48 2 74
48 32 25
2 3 19
42 77 31
42 99 57
42 14 31
77 79 28
77 74 3
37 85 26
37 96 33
85 80 68
85 0 47
60 81 84
60 27 84
68 12 65
36 13 26
36 20 43
23 73 94
23 70 72
81 38 41
7 58 28
7 47 98
7 33 28
79 84 36
79 72 56
49 94 16
49 38 15
94 63 85
94 40 48
64 4 7
62 56 63
62 96 21
10 24 49
10 65 1
10 87 51
24 65 68
32 72 9
32 95 6
30 39 69
30 12 11
39 15 74
39 89 34
41 45 3
41 34 56
41 43 39
21 84 58
21 52 69
21 38 48
84 20 12
51 83 18
51 87 22
51 27 54
83 71 33
34 26 31
34 50 74
52 67 63
52 70 97
67 89 37
67 72 17
3 74 73
3 47 46
74 33 49
80 40 98
9 19 96
9 86 13
9 98 15
19 1 32
19 87 99
95 55 70
93 99 40
89 55 31
1 26 50
1 4 89
26 18 71
50 56 5
50 5 70
5 86 99
5 15 70
33 53 4
12 55 16
27 70 54
43 0 14
43 47 38
29 4 99
29 54 72
86 54 85
73 63 27
40 63 85
15 53 41
53 54 54
14 13 9
13 31 89
