18 91 7
100 180
0 10 23
0 1 87
1 11 52
1 2 8
2 12 56
2 3 91
3 13 33
3 4 17
4 14 30
4 5 89
5 15 5
5 6 79
6 16 30
6 7 91
7 17 52
7 8 92
8 18 82
8 9 15
9 19 31
10 20 91
10 11 35
11 21 23
11 12 44
12 22 96
12 13 10
13 23 38
13 14 72
14 24 29
14 15 66
15 25 95
15 16 49
16 26 68
16 17 68
17 27 15
17 18 68
18 28 3
18 19 88
19 29 23
20 30 45
20 21 78
21 31 30
21 22 83
22 32 21
22 23 43
23 33 82
23 24 18
24 34 76
24 25 1
25 35 90
25 26 17
26 36 80
26 27 33
27 37 17
27 28 83
28 38 70
28 29 71
29 39 92
30 40 80
30 31 75
31 41 62
31 32 86
32 42 41
32 33 34
33 43 29
33 34 77
34 44 58
34 35 4
35 45 87
35 36 40
36 46 100
36 37 43
37 47 17
37 38 39
38 48 12
38 39 71
39 49 45
40 50 65
40 41 54
41 51 85
41 42 37
42 52 93
42 43 71
43 53 36
43 44 18
44 54 20
44 45 40
45 55 98
45 46 91
46 56 13
46 47 6
47 57 6
47 48 13
48 58 43
48 49 37
49 59 23
50 60 17
50 51 32
51 61 75
51 52 31
52 62 29
52 53 68
53 63 54
53 54 31
54 64 19
54 55 42
55 65 6
55 56 81
56 66 36
56 57 6
57 67 32
57 58 9
58 68 9
58 59 52
59 69 80
60 70 80
60 61 8
61 71 91
61 62 92
62 72 62
62 63 10
63 73 45
63 64 20
64 74 26
64 65 80
65 75 48
65 66 31
66 76 48
66 67 51
67 77 19
67 68 98
68 78 90
68 69 25
69 79 66
70 80 24
70 71 39
71 81 12
71 72 95
72 82 45
72 73 100
73 83 18
73 74 75
74 84 60
74 75 66
75 85 11
75 76 19
76 86 96
76 77 30
77 87 69
77 78 76
78 88 76
78 79 64
79 89 3
80 90 69
80 81 34
81 91 10
81 82 88
82 92 49
82 83 20
83 93 5
83 84 70
84 94 33
84 85 8
85 95 30
85 86 37
86 96 63
86 87 17
87 97 78
87 88 50
88 98 28
88 89 72
89 99 56
90 91 77
91 92 22
92 93 87
93 94 46
94 95 34
95 96 40
96 97 6
97 98 36
98 99 7
